王五 20 852303401 0
张三 19 852303402 0
小美 19 852303403 0
张三 18 852303404 0
王五 20 852303405 0
李四 18 852303406 0
林浩 18 852303407 0
大号 20 852303408 1
林浩 20 852303409 0
沸羊羊 19 852303410 0
张三 19 852303411 0
沸羊羊 20 852303412 0
沸羊羊 19 852303413 0
大号 18 852303414 0
王五 18 852303415 0
沸羊羊 19 852303416 0
大号 19 852303417 0
小美 18 852303418 0
王五 19 852303419 0
张三 20 852303420 0
沸羊羊 18 852303421 0
大号 19 852303422 0
小美 20 852303423 0
沸羊羊 18 852303424 0
张三 19 852303425 0
李四 19 852303426 0
张三 19 852303427 0
沸羊羊 20 852303428 0
沸羊羊 18 852303429 0
张三 19 852303430 0
小美 18 852303431 0
张三 19 852303432 0
林浩 18 852303433 0
李四 18 852303434 0
李四 20 852303435 0
林浩 20 852303436 0
大号 20 852303437 0
李四 20 852303438 0
张三 20 852303439 0
张三 20 852303440 0
