852303401 86 63 89
852303402 60 90 52
852303403 74 51 53
852303404 96 64 51
852303405 70 92 66
852303406 70 77 73
852303407 78 86 71
852303408 72 50 74
852303409 80 51 100
852303410 80 70 58
852303411 90 61 58
852303412 90 74 75
852303413 72 67 64
852303414 91 72 83
852303415 93 58 89
852303416 65 65 91
852303417 63 55 69
852303418 90 56 64
852303419 96 88 63
852303420 64 73 95
852303421 90 93 80
852303422 98 70 62
852303423 53 51 67
852303424 80 63 51
852303425 50 56 54
852303426 97 73 66
852303427 89 96 70
852303428 57 80 61
852303429 89 82 81
852303430 61 57 77
852303431 57 79 83
852303432 65 96 55
852303433 56 73 75
852303434 100 100 100
852303435 96 93 80
852303436 67 66 88
852303437 92 50 97
852303438 99 52 72
852303439 57 70 70
852303440 70 67 63